"msepick2" "msearim2" "msearims2" "msearimsp12"
"1" 1967.74632257428 22606.8714909006 292.460872717831 470.055347302198
"2" 617.027940111628 32679.4272713547 752.026558003701 1204.89597629829
"3" 645.566228195946 83891.5366766889 375.990688894624 851.536762918695
"4" 4109.82131847098 23424.7064279269 393.341747995648 471.169876212525
"5" 5011.58106635398 30678.9132774763 2736.6357248507 2309.69730027973
"6" 4242.74415356655 36581.9652951415 4888.38755903018 3684.86199964758
"7" 1707.44600385664 33297.9248529175 3397.63060256384 3978.50169229319
"8" 3669.45519644258 32219.1936800883 3353.7015106842 3053.77010128037
"9" 1295.09127247569 31389.6624181518 927.419793845713 844.144635474822
"10" 1955.74188966096 35760.5754834637 1167.3686826522 2137.61316857059
"11" 481.786568691015 40468.4955230102 253.288028463199 150.092928687086
"12" 6550.22062807128 27679.3855219496 144.61669015378 90.9784044606533
"13" 8844.87346342756 36499.9836172101 218.637839762239 251.715810493863
"14" 8121.98026398842 36371.6352860935 2412.52047640705 490.449209426499
"15" 2727.92793533825 30973.8728322559 482.216566252893 165.225550683131
"16" 798.949711441101 25716.3306285457 411.570458670104 401.166833728384
"17" 1429.56182639805 23158.810852932 950.872733879119 736.374816837946
"18" 1549.44255763771 14126.4423813991 1311.58471782151 1083.68560205548
"19" 7236.51236015941 15167.037358066 223.020367056648 119.953165155099
"20" 10899.8564160814 18812.1580435336 229.609300993128 103.293762640044
"21" 6249.46374822471 9445.31869964266 568.94087255614 250.209256341765
"22" 2004.59625111635 8569.00530694624 118.789238494913 157.858050183701
"23" 856.323676074647 8363.07162665579 295.582165615 301.034077839099
"24" 805.582285918441 8894.7163252129 962.458247364725 1159.52583591175
"25" 2086.20909008382 10888.9167170964 1570.73147896402 1023.9153258894
"26" 6496.33230617925 3268.94107982618 691.278512727136 303.72266259212
"27" 9831.77022912624 5567.46691015614 221.925831150242 59.684000823765
"28" 4742.06671735649 8884.57480428807 293.533308755468 386.600416998474
"29" 1598.35393086255 11056.0365956711 302.790309482196 580.270915062599
"30" 667.790792125768 12784.2196517805 241.015473681236 436.311502470796
"31" 448.842226313025 13227.1431336679 259.315269294384 423.286099951506
"32" 1517.35416742706 18038.0639736788 2400.58093468148 2993.39572940531
"33" 7569.45115557301 16468.3308048746 1576.53940954213 1988.52029142875
"34" 9793.93169045886 17739.9442898467 572.921357749529 698.168790736064
"35" 4940.37286563301 18885.5435287885 1277.73098876573 1667.8211032324
"36" 2166.67087381305 20978.9285105724 1856.10918475403 2372.80279494803
"37" 1168.88519205765 16004.2588116202 2168.11567926459 2844.37511747905
"38" 946.385893455028 18348.1840660232 2371.82031235083 2719.27262068885
"39" 2409.12854150014 23972.9891323348 2901.48562899693 2285.68247803441
"40" 5903.91990443441 14886.0409857979 1881.55283278376 1474.38184083431
"41" 8843.77164294492 17405.8210883539 1107.06547266356 703.732889580907
"42" 4763.80713686301 11294.2732367967 1108.24058118565 502.557924607656
"43" 2022.40408799432 11316.9846784178 693.149257382021 450.391299080531
"44" 766.940946321341 13326.4294497836 566.690652615535 393.155070780346
"45" 1465.45797098555 22229.7780900151 2618.47327682126 4303.9046765858
"46" 1751.8724638234 21787.7783626739 2395.63912785041 2413.13810716396
"47" 3615.87574358553 22788.1352217749 1375.50276590831 1142.81434518498
"48" 6452.73670072478 18767.8273577759 425.645909008025 155.446338395432
"49" 3356.75088475273 30195.2355048342 3439.52159023397 4823.31497859551
"50" 1490.79019180574 39494.9446065693 1481.62989817348 3850.28002939196
"51" 831.71855557408 36606.726925788 1226.05803172417 1841.33186152151
"52" 3000.83927429126 25080.2818949463 2941.31537047649 1829.73755364146
"53" 1863.79434056817 27597.4419043552 1956.67873298022 1934.18503871394
"54" 5548.63031700444 28049.2851380815 575.161475434431 1339.20238274117
"55" 7205.25373077232 23421.9287415771 641.762999430318 1059.27114152981
"56" 5488.21649449557 24523.1829585841 2640.96877525129 2978.72902016973
"57" 5325.87206054527 26799.3957104558 4615.02127815429 4796.55127074955
"58" 5159.79810202703 28943.6289482575 5971.70127155709 5902.7255280704
"59" 9040.74055727953 29303.0166764167 9479.5340835552 11052.6203755956
"60" 5792.74593600611 46621.9602034876 9766.92244906392 10960.6745154296
"61" 6771.77500858905 25834.873086113 4527.02658494252 5440.85558533563
"62" 7278.27284818751 31547.2548752429 1736.23963179527 2269.02161316056
"63" 13511.664357002 33645.3092106979 6989.50302610692 6352.1281940824
"64" 7802.71624579133 33736.8871470575 6596.08638462589 6874.40218060289
"65" 3870.35607918433 33139.0909501795 3863.08280830216 4185.90141678679
"66" 5938.32411649379 18266.3945073474 4445.89146105125 4004.93950672853
"67" 5568.84055080976 13511.0956220457 4252.61283340171 3608.11791891077
"68" 10332.3455044251 18014.8739949224 4427.44499335132 3899.9455164542
"69" 9522.92773974146 16230.8973092508 1434.85576726031 1006.69768594322
"70" 9716.67055848558 15163.456871209 5266.60030673648 4984.99450397017
"71" 7272.75398131636 10855.5264321121 4880.44870530075 4619.94619081167
"72" 8590.52472567756 12058.45708611 7039.39718249739 6510.3436109353
"73" 7801.6634224781 12256.9759751506 4443.85733171417 4364.79229402586
"74" 6060.83720454563 26952.4526885441 6130.48211408383 6049.05918692513
"75" 7100.21731172579 22313.3184565129 2375.69703974948 2776.93942230405
"76" 10251.2938384605 23936.0867389261 1720.53911716854 1702.907782018
"77" 4402.25269963198 15781.7882102276 1524.88638742388 830.265765947612
"78" 5787.51991409703 15639.9818661095 2117.85741562721 2114.8044502093
"79" 3305.81181389769 13955.9366205983 2240.46065591784 1594.65763524226
"80" 877.03292207031 18480.9889578433 444.873114352721 467.114407080715
"81" 261.01347731836 11945.7004774064 2088.4950077927 2293.93357915505
"82" 4717.40400314494 11043.1978968594 1451.82386602855 1061.56156821353
"83" 8021.17016031036 13564.4945476402 830.314513450509 566.010419391592
"84" 3971.9865889051 9926.72425426893 1314.12617518823 1458.574622677
"85" 1865.95693028385 9419.48502623033 1392.72173467729 1656.78205932671
"86" 1506.90582309099 8337.85872634073 709.934715257322 817.724372139554
"87" 285.088649775681 9933.26460992003 148.587715949275 270.196000870478
"88" 1255.61854265057 7753.79871105643 980.329331157829 687.903878301613
"89" 6075.77601286979 9553.40307101713 1442.41231276963 912.877995429566
"90" 9592.79318232821 8902.80199353163 737.119984150034 387.337819389253
"91" 7778.9503593269 3278.98907776845 2049.79816545792 1065.78816132129
"92" 8099.21113318985 3795.47151854096 2290.1338290436 1614.69459422622
"93" 8844.34519068017 5939.2566001477 1422.32144372006 1051.8922101133
"94" 8011.25072286038 8753.19685712307 653.907501062194 197.075416042757
"95" 6626.64210752938 10974.2132323313 1996.59594642794 1127.36990062577
"96" 7007.3788196708 11022.0734802218 1607.37236919432 921.926816274238
"97" 7789.53062535168 10809.5185239069 1105.05700456103 651.776962462263
"98" 8362.10971075941 9755.66280470339 537.117296292969 603.098158230111
"99" 3804.87825724319 9502.11943411305 1091.95871418806 1436.29007982749
"100" 4412.58278967248 15194.0723531134 3267.65729292402 2185.98621764514
"101" 2455.54279095216 19652.3947267582 1680.7267887944 1315.28948957709
"102" 2638.10037424619 15645.9253832488 2242.80249342007 2056.70434575147
"103" 6330.02268573394 16436.0817735957 886.738560395806 916.121529627396
"104" 7768.35659080239 16582.7903358934 761.136937766526 714.336020991262
"105" 3999.55431224481 16880.7034992825 1011.73863453484 1640.4727617665
"106" 1485.81264152914 19544.8689772509 864.865834762734 1761.31168941881
"107" 479.279501641262 13670.0350711684 1459.18908269899 2775.12793106384
"108" 1594.09863432219 34265.6712735667 1691.38590885604 2732.80259192587
"109" 4261.13171744926 21798.9097990796 568.964589864784 908.216569823046
"110" 5345.18308953532 16771.509626587 609.772176136376 325.386745775945
"111" 6998.51199926289 17605.4745665067 654.635997324796 174.391206467823
"112" 5660.65060287045 16446.1736560371 381.742997212188 78.8609904666318
"113" 4097.73375975616 16068.5518481408 1508.48859112578 2061.04370427062
"114" 2332.61423205337 17162.6062732102 1019.73301902566 2097.44301710761
"115" 4601.75952204334 13376.9348311739 2757.00879301331 2156.94810595964
"116" 3387.04746254029 20025.0624297302 2483.73769315306 2589.13716013435
"117" 6910.8761704303 22153.596250368 2147.23368509258 1621.62624551986
"118" 6548.41354399489 21323.7077269496 1234.042984676 714.157549652216
"119" 3716.33040742905 20532.2026570283 1250.46621200894 704.637129869309
"120" 2391.88767512194 39049.5333937782 604.228885344052 378.666122400668
"121" 2049.30789606362 42406.811539445 755.01503259003 474.483440349221
"122" 2052.54353641552 38273.6351141012 726.34189979846 464.014930386503
"123" 931.351811529133 29729.740237231 1004.4974668434 725.345536129184
"124" 4968.12582831719 23240.9742396557 1069.84904091752 734.241299179703
"125" 7513.89552696839 21151.114226993 718.521141925985 306.75983807043
"126" 6390.57036717172 24938.4074772196 1367.86282215214 1362.85850744196
"127" 8282.05310724208 16051.0314675056 3591.62559557178 3159.80161989968
"128" 5413.42629167671 17076.3040702696 2545.46149528186 2019.16571018068
"129" 4051.59346666043 19905.2598961146 2223.86397885872 1841.30510493084
"130" 1738.41433967025 19742.0564460811 728.514780177592 1033.03710784734
"131" 4353.64664311403 15797.8322979303 794.353159320064 672.325325532238
"132" 6247.84325973557 13109.2487622565 934.383161433241 403.578342609848
"133" 9376.6873800699 12022.2163969263 3764.42535032215 2888.72044715286
"134" 5904.91151050596 17024.1400308932 4050.20385333136 3176.20117062894
"135" 4093.43309679634 12316.8464944255 2149.57547845843 1637.60580350475
"136" 2268.09551487536 14882.8811122119 644.995613066668 411.214390669134
"137" 954.893776875629 5151.87776090154 301.702003035225 304.939818154293
"138" 5635.40923264415 12862.7462522124 176.107289362783 215.465174074317
"139" 7004.29918631941 11566.1794886904 734.23623036283 198.325195689893
"140" 9073.67705082457 11794.2857296106 2006.94314653407 1072.65922030958
"141" 3828.97442707605 14823.415377346 2266.66609680727 2314.50271901899
"142" 1216.71362785449 15435.0005694054 1224.79988941904 1799.26360880595
"143" 220.112327538294 14948.4037124944 596.275433160183 1175.51395081221
"144" 362.84926049561 13126.187760163 661.295097721732 1980.50788971465
"145" 3538.4599606504 5271.48713379807 1018.28264709785 654.839965409942
"146" 6101.98302272252 7295.41458064107 834.364169532138 365.50256121248
"147" 3205.24442737675 13427.8092930606 1545.62731675103 1300.55697669305
"148" 2176.67208482319 12409.2466153388 690.214678672814 577.830400367034
"149" 875.127487271289 16737.2648867269 190.279848945593 134.194611366993
"150" 1267.81973156505 16914.2230046237 398.338871708177 432.40965852332
"151" 4887.14519455681 21241.0458885088 4087.85777519854 3622.07567357657
"152" 8985.71085115928 25218.241424314 2900.99881410803 2914.64435000296
"153" 9885.09131547159 30217.2883389938 1192.33282094693 1283.00876275518
"154" 4715.97507868042 31634.6089954287 503.819457527675 332.691464026197
"155" 2077.24317911299 35429.41741885 762.551335187143 426.625016866993
"156" 7381.68453195598 75700.5726131649 1113.2875268531 405.397200587562
"157" 4183.26069299704 82132.7440839363 817.837547369179 187.1604835871
"158" 1805.67287028663 63735.8435628497 661.56302397819 281.259878614581
"159" 881.148441932162 57175.450655261 593.067939517995 605.994129305571
"160" 6090.44703935379 46971.4983716912 590.233874681209 623.482922509575
"161" 4867.76791921203 54444.5600919595 841.362438258405 1084.11516049033
"162" 2803.52471645554 44123.5527984921 1342.68429533372 1341.60882299187
"163" 461.231775503594 42136.0034066809 339.38391505715 230.289436260476
"164" 173.614821162795 25421.7024731293 258.579309614435 547.963141852536
"165" 174.626013338706 23110.9288666703 829.411300239225 1713.2022463287
"166" 683.808064571079 23772.0857349617 321.878436853584 508.970267142841
"167" 6261.39245289439 28058.278383324 118.55203353584 713.699738184496
"168" 7806.2956552144 9100.74586935716 1331.27527684367 1569.87301555305
"169" 5380.58831586501 10175.2019574868 2150.90083583883 2080.8717676226
"170" 3749.50573434549 11115.2954733376 1876.21518034259 1814.87671083466
"171" 2252.80140890324 12806.7977784324 1076.48273671909 987.728547738391
"172" 804.864553891312 20489.5978098067 1143.69075829586 1539.76985936836
"173" 6481.89326423968 21765.6809225584 914.72034064161 1205.10166819905
"174" 10057.5742772519 19638.2253831306 1180.10086450945 1456.40272111725
"175" 6991.24759342351 20119.0125830322 340.378768731369 531.012901754649
"176" 3615.37625314062 20445.4549447596 405.528203854337 295.121775116767
"177" 1660.09740333401 21343.8327139279 1577.6185300683 1749.57809148865
"178" 1207.72112707099 27797.8033198548 764.222443032936 839.783620328665
"179" 787.772377420297 9471.66482086323 433.514548454857 500.907183511406
"180" 6374.00098896565 9789.63381439962 190.273514053248 347.937979852516
"181" 8996.46746362941 8945.89993472124 328.968512048998 307.986775904145
"182" 11270.1677964849 9107.14656953177 2173.96999813587 2576.65094065152
"183" 9894.12316348834 9592.08670033567 3847.95745099623 3455.27554157431
"184" 6007.72006870901 13327.8243421624 2955.39525216002 3262.46320776062
"185" 3898.09765999588 15398.0666260473 2643.82364658886 2338.60824945233
"186" 455.327569110946 8879.05830624656 337.135191925612 256.984364325427
"187" 6435.34605751864 7678.82765318961 308.073309035066 463.292004563146
"188" 7554.95600121853 8438.64204937323 249.501858961335 207.129656887979
"189" 5336.66514705711 8199.62953332469 468.61899473833 990.150387868155
"190" 3468.87356065665 8451.78036394971 794.289553277483 710.04067526773
"191" 1208.84401198567 11573.8717918015 1012.14732026835 1012.18889809194
"192" 2264.77063280035 6933.20533031885 1511.78521368363 1464.29394924105
"193" 1592.87818364496 11128.3054337011 1379.03757903068 1735.10184585443
"194" 8499.1639018216 8580.231470561 1069.23367716399 1147.64942899979
"195" 12628.5291428429 9323.8870404625 1378.93445101798 1533.70242144874
"196" 10119.002080029 8610.61369397367 1508.12234680771 1567.87967695132
"197" 3550.78489826489 9234.02731138977 563.40512748333 571.159882402599
"198" 2101.51274437669 13398.5299088851 1033.7556553926 1240.13430523698
"199" 1343.16943012705 11554.1104744824 581.328474371262 606.202939498289
"200" 979.089474098557 8046.48035880382 843.058410033175 403.790824071678
"201" 6442.22729501103 7166.6182294816 1171.57688113741 527.569866087302
"202" 10692.3708756461 7949.762978142 663.319904723008 345.079337643855
"203" 6592.25288371841 11302.5218287566 597.845756019517 355.572202286495
"204" 4048.71094723701 9844.00493832095 511.831387671852 454.748365184488
"205" 302.305236410674 7960.18577959179 176.438850584783 188.748712279919
"206" 340.343520532003 6637.60951010249 352.877502736161 436.724569952161
"207" 845.192750302755 6343.65641317038 768.70686879843 1098.2776762382
"208" 7145.81488643493 10677.8093813253 339.115453668888 212.369482844021
"209" 9917.64673118331 9335.01183274932 162.980159298232 25.951398014495
"210" 4787.1620204407 12100.0350143179 381.124510220967 330.61078354681
"211" 1749.80574327008 13519.3925597018 655.445179798186 558.091159605179
"212" 1869.59952400063 14131.0988169719 848.7568451822 513.83951759784
"213" 3184.76512884594 14636.3074011981 1161.58034398615 1022.77907138935
"214" 4476.5820427293 11596.4155285384 2802.73637052879 2345.5812009122
"215" 8945.97006350812 8999.73581844521 790.397990140048 726.714948755538
"216" 12145.4686644656 9937.87443304064 902.526399115696 614.467272870681
"217" 6366.07724441314 10067.761868026 923.461597063492 515.047449394555
"218" 4841.12271187202 13735.3392591829 1885.04798347012 1367.40647784182
"219" 2066.34388644967 11009.9617336159 613.594359833277 406.300243127135
"220" 2197.34279240571 13731.2388297443 954.541209304727 689.608733669155
"221" 777.248155653054 15451.9412933279 606.367940643172 551.24744564732
"222" 7682.63125540206 8337.930414091 192.781928587074 243.589875960307
"223" 10972.5283833125 10162.8679611715 141.648919214014 333.125276009151
"224" 5174.72544617192 9219.47374711385 98.583797230999 332.583173910554
"225" 2206.35210011476 10952.2031962335 118.634330885119 186.491431344142
"226" 395.363956986866 3999.5772777779 1408.36552824158 1497.85313803581
"227" 735.889937281285 2435.19976713295 602.770981773621 1022.86080948033
"228" 1268.81290153434 5062.92570710254 694.425315421444 577.187169876923
"229" 7069.87674707244 4814.37888755122 462.342206463883 400.394819143579
"230" 9508.63498964427 4241.63535935525 305.778117822482 589.939135376378
"231" 4754.02713375944 8793.81325118265 271.342712607653 491.295795458718
"232" 2399.69460001404 22937.5478995856 588.649142324667 200.59635471336
"233" 1450.90256630048 31272.7250508341 442.740821559423 128.64254121835
"234" 618.995080872815 33133.8064480065 1211.4265510119 308.800801933797
"235" 5024.13360122788 27504.176154135 1604.65307611847 1418.2493165653
"236" 8900.10213017532 27668.7293855134 1452.90665606782 966.235943870253
"237" 11478.1189210051 26637.0426508669 821.83444446203 419.052509534654
"238" 11260.4101091178 25170.7576705542 608.944799463966 494.999171377689
"239" 11916.2700823343 26493.7746393225 356.047664066895 216.823321755655
"240" 5203.97668070335 24456.487626054 400.550175445939 105.178979361949
"241" 1842.16774691674 26009.1717971435 583.487668601573 550.579753310131
"242" 638.086670339238 31664.7762863907 758.623860103178 1321.37003327522
"243" 4921.46971087037 32540.205835032 440.93263600577 663.693825390079
"244" 8573.86686098988 34234.61712349 568.902811110332 770.970910104945
"245" 4418.1050064364 32000.7227964266 365.01373474301 427.091948550364
"246" 2827.9549235308 47725.6263394942 1484.40884957107 1524.02685978101
"247" 2945.48445703754 48355.205772219 1507.22984954732 1405.59052875553
"248" 1496.13815642822 16512.7291243271 825.897148380465 997.150015112513
"249" 515.596054944963 15946.1048745288 1056.88309149214 1509.74464013676
"250" 7043.08868340049 20144.7495119769 526.386125125988 1266.75791636806
"251" 3901.14801811003 71732.0290372907 2845.91499917221 2023.99718190107
"252" 2868.49142588739 67959.4977492505 2253.98594521848 1661.03693100522
"253" 1458.39486164535 51542.5717151247 2602.00699223427 2988.42127899351
"254" 789.448616803376 50524.2111074904 2056.65642420993 2011.64773855339
"255" 1645.57096763388 54582.5028293429 2407.94065090888 1741.29477578365
"256" 6232.70818887295 53177.6572168225 3503.11170937693 2093.23560456362
"257" 9370.98124160519 57161.030562513 2352.77101854269 1283.25077504275
"258" 9180.70683721232 43266.3544268129 2510.78100309177 1112.80452587011
"259" 7810.68454893048 18070.2066835283 2228.0717492354 1530.18910649253
"260" 5377.96929963255 17236.2296805346 3452.68779594891 2426.58152619104
"261" 5860.69038850072 22569.3908571337 2155.29965142471 1116.2137654344
"262" 3575.24252839661 18058.3052312953 1778.1617132734 1944.33215804613
"263" 4603.92660754777 19370.0983756039 1866.17219032503 1756.71963811502
"264" 7701.64041108394 17785.4529053867 1238.40315950331 1233.70396264754
"265" 7985.17064508606 9026.9726752596 837.426157690335 1339.12899280697
"266" 4961.90538765904 13702.0310507032 2384.86668615752 2880.34494897824
"267" 3548.79892139561 14212.2610429296 2559.88485016797 3340.36761164269
"268" 2558.17226080777 15022.9264356421 1425.42760380289 2239.85340105828
"269" 2697.52220562127 10599.8357605297 1067.59736519614 1492.6325168443
"270" 5617.63514340647 12010.8652371629 363.375607927976 640.611423839504
"271" 4756.5681454001 19249.7749548592 1636.54881419003 1408.4583355332
"272" 7730.30552298812 26530.291134843 1395.01711345531 1080.8295302035
"273" 7586.35304941044 20871.3893881093 736.177235793911 499.21907432814
"274" 8738.17967088795 32618.0936413407 1047.75918833773 1052.4151173999
"275" 7698.37860141837 36014.2983514046 594.088484506856 725.229008345263
"276" 8458.85534701186 49655.3258022614 1431.31308339744 1488.45695152765
"277" 8051.96745342951 50404.5606066262 623.27337659628 711.929685244926
"278" 3425.13720461355 101616.800684036 2653.68308456034 2127.52130477947
"279" 1051.28764866989 131289.619840267 4736.72405862677 3573.85937532868
"280" 134.452029841997 169848.576141903 6233.83331045045 4578.35633954395
"281" 0.122135332008811 185747.002783359 7704.79185990269 5695.8920394244
"282" 0.119033070583556 213069.733453889 9092.643784353 6436.67556936924
"283" 0.118189596233004 260904.155143601 10296.4634844324 7351.08925082028
"284" 0.117364964855506 307152.909098681 11597.2405476701 8342.09497546989
"285" 5232.47925788448 251503.140408084 9116.45158328182 6483.20700967923
"286" 7638.64414736689 204426.927338014 7001.95381901256 4901.26637381618
"287" 3613.60797482081 161876.170153535 5524.3311283277 4026.90879266901
"288" 1202.99427146143 123100.100998989 3874.12695176325 2822.14361125861
"289" 698.281566735019 90888.2679691167 2824.85258184231 1855.06971691317
"290" 521.750067238578 57774.0917314367 1634.8752441841 1013.81239846207
"291" 1895.90361170847 23147.6293360182 894.616098794646 716.138353373081
"292" 3195.30514417286 21278.7327457501 2725.33240086544 3580.74523934659
"293" 8355.34297070266 42205.683196938 2468.00265785951 3146.61014943377
"294" 7315.58585737276 39041.4016594796 3858.56707154571 3850.02447132842
"295" 4131.21240154779 26261.2319004447 2423.73565194001 2340.5552062688
"296" 2897.85881509691 21295.4064639079 2170.38959380757 1496.05137472749
"297" 5744.00097558652 29995.7838366808 1462.06289253415 930.011887256018
"298" 2994.01961458841 28234.3173089902 1548.75037183777 653.185305249481
"299" 4490.39566269651 16303.0523930164 1814.42517234481 900.892207561863
"300" 6324.16511068412 9356.43040762501 2191.66119099522 1212.52312692122
"301" 6055.22807317872 18436.4556630782 2179.1087008493 1480.76788663812
"302" 2990.10540532557 33597.6819778119 1972.31713627293 1242.37942921291
"303" 2475.44027871264 33080.0708947937 1333.23783777604 907.120651202417
"304" 1103.41356235615 53964.1334976887 592.652330528313 332.146243726647
"305" 563.204250071984 43805.7797429398 68.9353699739283 31.0811200723369
"306" 5936.70259244303 44518.8837490464 236.625913331988 670.993533289846
"307" 7212.98297286491 42343.5744759779 345.03630262081 548.01655301431
"308" 3769.59486102038 22139.4148656927 202.362125283697 250.704950702536
"309" 1522.65699606422 15664.1854961414 69.6946883372669 121.406856571566
"310" 4088.41750038161 19965.1034510559 1092.49945835205 1190.17904425884
"311" 2075.31799355336 15819.1461709118 775.53387341443 773.11667161765
"312" 1581.73396581867 12930.6571137465 911.128533043867 676.651455826789
"313" 6129.67415668569 15185.7366302129 386.248025914399 239.306879269058
"314" 7457.69368706874 17698.043498902 206.63115275297 20.3638742244392
"315" 3550.11182357298 18490.1407979407 346.145464953709 203.512178600076
"316" 3465.38095547051 16480.1903105543 1223.29191006104 1054.8610011333
"317" 379.697339475872 13607.7970150041 946.607110614829 1179.3067296472
"318" 3585.70823736914 13699.1321790541 2411.24710992022 2442.4449141548
"319" 1266.04761745729 10233.6846480915 1049.51656508841 886.485279221661
"320" 6715.80108832135 7960.01618477851 849.651517760542 663.221264047595
"321" 9141.34871404452 11209.3974388495 1071.41585179662 664.891883258461
"322" 6359.62486322474 4660.58925341011 1011.90848617568 894.346618236412
"323" 3442.23398729059 10153.6209926308 1539.70303910797 1327.57855855964
"324" 1627.7673849801 10454.6439772316 1850.88685763599 2210.80580871317
"325" 480.077964821221 10294.1260465905 1004.55592981889 1140.96595220027
"326" 912.871017433962 9920.61302213542 805.985003082693 639.804970339621
"327" 5160.91744269054 9414.37894670997 512.778508883003 352.466223824652
"328" 7547.15667287853 10851.160430361 173.774302675615 135.86146568622
"329" 6026.75325656604 18015.8805688566 1218.84200064347 1697.2706051549
"330" 3803.52810462693 14894.0567872959 1077.00881720787 1208.94511182655
"331" 1404.78161183107 26943.1519032489 1581.79415005603 2668.74430611081
"332" 7337.13805524548 42174.6332932111 1387.94757160569 2416.26804672496
"333" 9067.77213748579 44528.6265523041 520.854059107791 919.619170817229
"334" 9480.22538194176 47067.1449118972 305.245333007483 652.165202571406
"335" 9447.60535422929 40903.765288895 44.5083190801538 129.84652811341
"336" 10868.0806651405 31506.642611559 3626.96203069854 2974.71467239647
"337" 14301.2084900223 30709.2094024233 7449.18956225748 6808.67964682871
"338" 16856.7017164005 12938.2353313614 10214.3894141098 10043.3114318188
"339" 17948.6999187217 7681.61803237941 12529.6885894068 12208.7027486826
"340" 14433.5078757744 8972.29822347643 11412.8734317225 11467.1227050198
"341" 16477.9059300669 10274.4003081117 9693.27669732862 9578.727377735
"342" 16272.6887603741 11137.6041111114 8028.78798062209 7388.51209306442
"343" 10490.3683259861 14361.9330369119 3168.95762303043 2942.93889652977
"344" 8235.88906988493 15844.1097998363 2767.79087753132 2001.46576405028
"345" 6522.96699978507 21606.4581438545 18597.954259444 2271.75265976176
"346" 16011.9108290736 11129.1097220506 13705.5894054713 6711.22735603433
"347" 15394.2282549467 12365.212870366 6869.64216238522 8438.33444663109
"348" 18818.2237345777 11279.8211079022 6285.18998301204 8513.53832578824
"349" 17195.6739925635 12038.8534276966 4650.7098977053 4454.42327514489
"350" 24669.3789660878 11697.93935562 12710.3606756477 11718.3776033817
"351" 16638.9764660247 11497.2663628817 10952.6783338529 12606.7896246894
"352" 9927.58900572443 13759.4290649113 8237.10126763559 6865.97245822479
"353" 11841.236148684 12641.5117929115 14497.2482707676 15303.3269896251
"354" 14612.2198105085 13043.5508170566 4114.1317488652 3878.83399861379
"355" 16195.3069215743 13092.7618556548 4074.59421603146 4283.07730826353
"356" 20137.0128019293 12456.8077697505 5692.90096913203 4751.67589687748
"357" 30077.3784483323 12668.5793023655 14866.9635845763 15793.1779962513
"358" 20082.1476353363 10852.1908262603 10170.8166252074 9462.60148301031
"359" 19737.753414465 29502.7739043047 8198.30887078987 8048.22313078002
"360" 23081.8721909372 24805.2321442306 8396.01979640912 8835.09599355887
"361" 20439.3185117819 28451.4585641085 8520.4060506372 10159.0126946645
"362" 20418.5574548983 33102.0020291628 5332.82763606293 8003.4169674494
"363" 21302.4888113524 31466.1128824958 5262.53784004056 6192.15725112966
"364" 14048.3234187557 32442.4311836045 4407.39648313818 6135.05110610976
"365" 8328.11447855886 31841.7381103966 9333.77825232902 9126.09982361206
"366" 3031.5920936699 11387.9619080694 6094.56441876796 4684.37805622713
"367" 3835.80065895811 18069.8375907592 10549.3980725789 10207.6160195853
"368" 7847.61216008569 9853.03008979387 11142.8158330954 11732.4713542914
"369" 11362.0177920829 9339.93654072188 6836.88297080965 6832.29184239692
"370" 13844.2282172642 9690.22938541024 8158.45631878582 6769.53770221116
"371" 8397.18659725954 6778.70663496266 6420.93748472406 6986.39577543345
"372" 12618.1811989393 5475.93597439948 4892.99794551532 6630.82824281137
"373" 16386.5092706563 8163.73658318628 8402.09568168424 7512.30104982867
"374" 14515.9501688902 4496.61946274567 7812.2286082699 7698.95473461657
"375" 17743.4015256038 4148.10310906862 9492.64669117701 8282.16052551732
"376" 23100.6713444796 3753.13493310795 10636.4628793441 11126.872671609
"377" 24025.0340540665 5811.81944979869 10559.4053057216 9926.44593541077
"378" 21111.1465633559 8747.80909510978 9616.84308992896 9904.6362528222
"379" 21320.9989730797 9277.71703976626 9352.2959963024 9370.57257790092
"380" 15665.5950863204 32634.0748493993 10299.1480912658 8434.18744969678
"381" 23767.3659250365 26918.8349145669 11660.1898673716 11278.3412871025
"382" 15955.0476964848 38111.3240072095 6068.00358049387 5799.55559023699
"383" 20288.7737545999 34986.8757844595 7865.79773360875 7773.16970609395
"384" 21340.3677090135 28570.3579214473 6382.59870153913 6195.98120219086
"385" 25141.173555103 21994.7190198981 8675.83438188898 9178.08207987213
"386" 16601.8961923251 18946.8270281564 5804.76001312043 6466.41197111474
"387" 8805.2364229875 6658.63384418088 4010.29982604842 5158.14173388065
"388" 11556.6094473394 7306.80966990285 3524.07624852378 5539.5815511326
"389" 11618.2591720965 6449.3103697232 3103.41424854269 3643.9509865139
"390" 18205.3924186605 4141.19503366563 3676.34774123457 5200.67372820278
"391" 22959.2419909883 4150.96070589636 6359.70861119145 6850.24261213702
"392" 26813.0762770255 2161.98202188813 7395.50761912116 9146.06017436908
"393" 19496.9904256751 3793.78345231823 3628.24435767208 5170.18465636757
"394" 16280.7979054742 2853.54735852143 4773.47657362446 6121.28134594887
"395" 33056.9596624828 2511.80899514551 10821.7933639741 12210.9196249904
"396" 29702.7472661947 1777.14047875933 11599.6847636603 11618.8320509394
"397" 29831.2084625206 1838.64529561238 12390.6902680356 15257.9516710046
"398" 28351.5071482473 1804.77340167411 12457.2326097103 11055.272425702
"399" 31854.6250832403 5196.17340183568 12469.4885079634 13805.606154101
"400" 25040.6144193087 7738.85227856543 9524.95994752531 10293.3022158352
"401" 23678.9620274209 22724.9122049833 11560.7380382239 11542.8550806662
"402" 18699.9894698383 20667.1821062903 8404.17196718892 7451.85963501173
"403" 14956.4612723964 21003.7825875702 3738.64721222022 3972.03916684722
"404" 15827.6499462827 17945.7361367854 9229.5524412732 9853.29111642761
"405" 14572.5952514975 14324.9277894734 11641.0928683247 5023.19457088715
"406" 16353.7680607613 11115.2494623932 5247.52031074513 6190.44218978271
"407" 20489.0307487566 9649.67937886588 6257.43490173516 8691.77046061856
"408" 19402.9590982839 10930.8645505899 6058.81114720863 6939.22525677466
"409" 29861.1219801587 6075.86408805696 7622.68165888525 9566.14578325726
"410" 19030.6882564726 10708.3743905646 9146.2648206049 8076.40054043697
"411" 22225.1445746281 7775.16270607543 9486.3475714589 9038.92214529715
"412" 19920.1368494996 6541.79995482085 4881.84229706233 6239.18038087925
"413" 20158.4394940397 4691.79623703513 4636.51154830268 5661.43361829281
"414" 16607.1235829548 4896.3301951948 6524.70569483054 9202.49474294125
"415" 26622.4013085113 5229.69326058621 9788.37527127477 11668.1017091109
"416" 17482.5653491987 6882.76245060536 13515.0443121218 9770.72500943478
"417" 7977.53363855008 7474.332157111 11740.1620826125 8167.60748047759
"418" 12905.2557414584 1086.07625425948 8494.50807725623 5656.71552348131
"419" 14088.4865038918 1285.48890697564 7325.97580444411 6103.31324442997
"420" 12035.6398511989 2340.45016060253 14833.0952155434 9891.19099599235
"421" 6161.8866209584 4111.03012727365 11058.3251125329 7803.07389028219
"422" 12549.8218163301 6397.27800799472 8651.70107601387 4934.00781392359
"423" 9081.86227826285 14652.4858025972 6536.3191475202 6543.06412552999
"424" 7825.21016189381 13318.286171072 2378.30675808707 4257.53452600249
"425" 11124.596538284 14071.4373673329 3363.09132703767 3896.4199698738
"426" 13439.7514730041 16816.3098595837 2645.50116345603 3099.69599201599
"427" 7971.90341281109 9584.11288875591 1269.13409282089 2022.62229146063
"428" 5034.61673178533 5020.41525950288 852.154198013823 1804.17307643821
"429" 8683.38308369637 3214.99900792595 602.661608819398 1459.74143704786
"430" 13973.0456059551 3445.77699517834 2329.68699857365 3638.12371729083
"431" 9501.66148409565 4734.2654731082 2792.86111309358 4126.87777884775
"432" 15623.1440656846 6205.0361727208 5819.30776373514 5562.3429415762
"433" 17788.4516760397 4438.89122156942 4344.37260375558 4516.91239187604
"434" 8710.15578634433 2814.18094618591 2482.96420735306 1968.11975845581
"435" 10755.4964975508 2540.14164663108 2637.29796660505 2167.29947876569
"436" 12752.314141664 2935.17178868063 2673.35383103202 2699.51987899976
"437" 8559.83048667726 4468.77241709787 862.965265464793 1337.36869286863
"438" 6539.22191495851 1222.93291216517 990.549720215799 2274.08396042916
"439" 13580.885176009 858.27367130139 1824.0484406057 3880.30601843044
"440" 15905.3135107086 560.477404576158 725.260385718596 2177.35914742476
"441" 6897.3401784317 598.015017953905 319.72951307559 920.562947492082
"442" 5378.93905012211 505.325918284905 900.299218915844 777.042429334331
"443" 6922.2390104776 451.85984735039 683.047457432691 1062.70135286556
"444" 2759.24362502162 458.485913416245 793.877306815999 755.046224581851
"445" 5645.31838582917 742.453008759 733.58982250602 1204.22334149761
"446" 14263.9569429022 889.632329372548 735.807888228341 1889.47858271427
"447" 15043.2261280531 938.597366096086 1251.59418776515 2783.08339703697
"448" 13397.785366328 1033.19482790778 1257.82453659095 3136.10967034775
"449" 5843.49171642995 1806.13497952409 1625.77814847179 1350.70995224539
"450" 5039.35098018377 1173.13286907286 2137.30559371981 1779.40590402593
"451" 3356.09748857335 829.124952282536 453.327182111723 1379.26648356294
"452" 7101.52081959735 451.751315696413 621.393144840057 1583.83265874126
"453" 12498.0087075171 484.271141406454 1128.68120303417 2210.43605445672
"454" 14601.5445499306 636.219857122179 778.898017173076 1627.26414163577
"455" 14663.6727445203 412.21923842034 1362.21227629251 2234.53779718839
"456" 13924.7767593727 960.696185298275 2838.39627046558 2749.09093693848
"457" 13122.6461002592 2045.6071572258 4817.58105382333 3960.89464285232
"458" 12970.1337077289 2737.37702021632 4881.05600842158 5037.83345935087
"459" 12169.2252643461 4718.50278316342 5398.10619801046 4245.39847738005
"460" 13067.1998490003 4324.89994578889 2705.37799889967 2763.67309015574
"461" 13229.2633850623 4505.90240945016 2640.49690545698 2304.06074061855
"462" 7307.42405690197 34247.1927182058 4637.16138703386 5393.40308580438
"463" 4758.72477415324 52519.5825817285 6731.53957167181 8003.62620755961
"464" 2357.83110792423 83014.1296711902 6450.07201120167 7595.66825320433
"465" 2146.42848601366 103483.829673037 6487.92224544805 8309.82619184715
"466" 4071.05333932275 99992.0647470833 3511.20186028277 6730.87584556644
"467" 8990.14845533007 105419.212555185 2519.46270115052 3816.32667047956
"468" 11576.5367743903 105455.265671876 1750.27092938484 1918.66189217954
"469" 6595.77306115217 44963.3738444059 1498.23131736981 2160.55812737618
"470" 2939.46636026111 48876.3794739815 1795.60899912548 2167.06955590165
"471" 5264.02689813245 73760.0527152573 4825.81433205069 5240.21966167178
"472" 8948.46995319088 108823.988415721 6968.0153367324 7512.31509772934
"473" 9953.86485399187 124086.031788532 9565.14691489405 8114.07994778029
"474" 11722.5015253432 98628.9776963128 6446.67400404149 5617.11498359075
"475" 12673.3843558564 86021.7924995631 5486.44321292803 3019.35283361638
"476" 12829.0686164502 138172.318146858 7055.18993250315 7427.10744171906
"477" 9157.4705293536 240296.582838378 17267.3031353816 16752.5075020612
"478" 7472.32737960335 107060.007453902 13049.0540894296 12381.5534019287
"479" 4797.95577323852 96630.4763011528 10421.7326417523 9775.76924168216
"480" 3793.30415850261 89776.7309990748 8838.27593546141 7147.03349033618
"481" 6931.76980672064 91219.5044096295 7498.23686545435 4691.30553773212
"482" 9597.32715270054 51564.1447956044 5739.57924210717 3575.87134140533
"483" 18981.3954478222 14399.6343089558 21127.7404063026 15579.1768077433
"484" 19723.8241030494 18971.5408603392 22560.9053806673 17700.5143451582
"485" 19740.0120206826 42392.8917905505 19376.2262593654 15666.7381013133
"486" 37623.129370488 46172.2897696919 34515.4504915899 27608.2044014887
"487" 29804.7785473925 46896.7489540251 27179.4249068278 22086.4180737142
"488" 31818.992126928 42180.4371624339 19516.2704303795 19704.4549942294
"489" 30888.8749709433 26107.3813411489 17430.4097496717 18132.6250427004
"490" 11837.003358309 43966.0723961849 5225.27618286703 6863.02031452885
"491" 3592.04859122801 81196.7721427886 7948.05707371227 9557.13241660951
"492" 1943.50080591245 39243.4921943606 16695.0246228156 15661.9920306386
"493" 569.640417108497 71246.1381897589 18996.4349634663 15071.089021899
"494" 497.059674176672 77608.8494214782 12308.3056277045 13419.8671646602
"495" 6161.51632581684 77772.7517253856 13243.6005380351 11972.5306222175
"496" 10912.3371465699 60639.2942879183 11065.0821365098 8224.54901214163
"497" 6076.60730092561 59404.5054538293 3893.08546865017 2898.60784324796
"498" 2874.15168729758 34331.5713795511 2361.37863548623 2196.56442590829
"499" 1878.16832169765 16565.6123907422 4754.64668650567 3796.70346396678
"500" 8170.1552330041 32057.9954521621 7067.3754174666 3174.31704328075
"501" 12071.2930264574 49886.1815981148 3794.33529348873 2420.39185476834
"502" 12649.1405429579 43053.419152781 676.847918908335 686.991919249016
"503" 12076.3864963666 36367.2318104806 956.285773507158 550.366842617749
"504" 5550.53963038603 48057.2764504224 832.770007542949 435.091476639664
"505" 4693.40131601913 47865.086838592 1216.56149002134 1608.69538154739
"506" 4036.4420519949 34698.0665909757 2201.50034083159 2291.99783588856
"507" 4043.3159993202 19436.4292615488 2821.54996339556 2660.36612511128
"508" 3896.34925791602 30620.6935115081 3742.43569081057 3577.83077216145
"509" 10717.3976749449 36431.1016201361 2910.51649571706 3441.55519390393
"510" 13562.8610550241 42631.1157389979 2357.19887339724 2247.02508230241
"511" 6496.62444832991 33923.7932029277 1221.02642166797 1103.6966930641
"512" 4929.24057819123 31051.5264668393 456.834865705607 497.258107621125
"513" 2751.36204853906 27333.1427251517 1813.63986915519 2725.46905554308
"514" 1949.93190264863 25951.4312497856 1908.46122609814 2592.69511129755
"515" 3015.23844088939 34069.7104400908 2444.62555462884 3192.00852446138
"516" 6236.19427843414 8861.54466946867 3684.00324579209 3259.15450417194
"517" 8135.79640519153 8431.973405382 3272.07004511806 1739.91429337958
"518" 3773.83224491042 6504.89367126601 2697.11541957461 1363.0417163969
"519" 1742.51582497678 6468.02858548498 2798.06943701821 2570.36734674011
"520" 1291.38540801544 5839.95332658036 2418.36076299064 2059.56741003605
"521" 2956.43976447022 6138.83494514987 5526.89563084391 3926.29649029138
"522" 2535.44419888538 9704.90684361091 4348.97162203751 4142.16906241351
"523" 5769.15011598917 8148.37084036715 2767.30574180323 2728.30549599503
"524" 5215.78643825327 5035.41986988446 2628.97626653395 2847.50574096964
"525" 2618.51004560256 5358.95776584984 1017.10829514971 1054.61146071315
"526" 1325.44849045837 5098.4242867457 794.39531102909 841.559631129389
"527" 549.67764919542 4832.7464712319 442.677778050788 615.598041163449
"528" 407.004317647012 6192.403091273 309.817277274508 327.39404386575
"529" 755.046440037231 4149.92088631209 143.757712300607 280.713429361236
"530" 3618.80983894287 4503.94686506943 183.830885526154 121.35029459333
"531" 4858.8987564834 2664.81583381082 149.784845498434 34.6838975286369
"532" 3235.13202312636 2824.38488820853 335.235053215117 334.465847333911
"533" 1503.69984143477 2704.655878144 226.558632319317 245.491668751053
"534" 924.862450800226 2539.95519810185 309.610989020302 327.766850239355
"535" 266.573230101108 3022.23846687592 385.145924507711 305.757630638206
"536" 491.68684058456 3293.0369461938 445.851365455731 220.710275574845
"537" 2814.03596490212 965.605381281611 478.7444919031 416.664246329051
"538" 2797.74711555669 1942.67085883307 523.148448604069 627.55123859427
"539" 1679.38611081001 1039.9723240776 300.946897217082 349.473071685157
"540" 942.962771765519 1106.528836907 151.941606729168 241.005775088951
"541" 816.053418704675 1287.10200822316 546.930788688971 545.72062358714
"542" 1178.81773376685 976.702419302524 1015.65002516369 1043.1629142634
"543" 1580.8109535245 1099.79310831802 1059.91402822429 1144.07936328134
"544" 2515.5895263423 2960.01779244307 986.818223279248 1272.34306704145
"545" 2705.04103793212 894.002558573849 693.699024104522 856.834836001637
"546" 1143.38301679932 1292.03126892126 250.768522976152 293.551197957904
"547" 539.620175485887 1041.07563524593 173.539303909934 203.16524381694
"548" 249.158986598648 949.154573314004 218.371436920401 240.469026629279
"549" 1192.82584501307 1509.91679878911 713.030946557127 637.186937159627
"550" 796.65268423952 1344.36957058559 391.944859120645 518.467444717322
"551" 1588.19865795448 1272.26460599196 382.674098056054 407.483151022418
"552" 1533.59218304194 1271.9721785914 312.781658606143 417.789198321761
"553" 1770.42649770624 974.629136053909 535.219755393941 545.413390581763
"554" 1419.55210629432 972.226909081823 512.345236609524 437.376627257008
"555" 780.40961039773 920.321365042398 395.058124899436 410.533393309817
"556" 562.497865831256 571.182908021598 116.489882109817 131.589345366593
"557" 1473.44944042575 160.46607786164 418.447878946691 472.231484448326
"558" 1935.41660914326 128.916354425185 365.078664398208 335.55722853261
"559" 2131.42024467932 130.161350507674 382.828768676693 494.713008254848
"560" 1463.68860818784 104.792160667084 183.403465112679 181.240192841523
"561" 1488.42872025907 147.698367312708 667.535898930812 695.449135595998
"562" 656.745640492385 138.695861932567 377.298513450803 478.41133798485
"563" 414.265526028161 217.699220290545 217.236897874305 323.414355410156
"564" 1166.069988868 64.270836015494 372.631810661763 343.068370437835
"565" 1691.92999058228 67.8730968486241 317.053501832579 474.446933635084
"566" 1543.90625188915 89.6527803172033 60.7806524435963 103.12404743497
"567" 1160.70607333816 111.000935338411 84.0077442412128 127.556807294717
"568" 966.463221460421 301.432860041645 216.853976241383 242.357768710123
"569" 368.958373197059 195.903167312057 113.539935681174 157.651333392232
"570" 357.920530446779 175.013030391346 108.243701098255 88.4376785881868
"571" 1375.55116007643 167.999999655663 250.448742070241 317.814616602721
"572" 1709.27954245513 168.155112041996 179.268396850945 259.212394930646
"573" 1943.57955840584 234.429033237658 175.877701294866 196.566597106128
"574" 932.477185450286 96.1613747123193 215.522956755838 217.269936101033
"575" 651.475990518689 153.895140622444 272.456902284641 314.300547821133
"576" 610.708170502439 102.555289074937 541.378512323938 505.994201442214
"577" 2666.61361277402 65.360507322933 2010.38027886809 2051.98034828418
"578" 4016.08782858706 61.2973612075226 2025.9395005937 2770.18234704469
"579" 4937.70612084476 63.9998693669309 2435.96917734203 2846.22281176163
"580" 4829.45163450277 70.8980532362866 2106.15853577677 2566.06003586305
"581" 1372.35890534004 37.8282944717533 159.185600852719 209.823177659532
"582" 609.815735451001 54.0925750633215 116.857152073805 116.307002931842
"583" 289.589003754058 95.124508876998 184.174480649917 216.193951388935
"584" 247.82710233319 107.431454803437 229.185229958401 250.993326975606
"585" 1461.88235504646 120.454554248453 483.055542425641 509.43022283225
"586" 1549.93587856787 382.790064023542 484.379352762918 596.200030240865
"587" 2193.03749273718 666.855820180714 538.081745275879 713.429815302942
"588" 2225.98202754838 679.236974291007 460.339394488568 364.645237944433
"589" 1238.60278503052 676.001857052142 335.168357596383 326.829326044089
"590" 1447.53236656354 689.072050929516 629.833061726424 539.066733786692
"591" 1743.65853118425 738.65758151334 1305.61610405342 1059.46601885632
"592" 1709.77651556553 707.053794375256 864.320453004049 1165.15697040789
"593" 1492.48005206713 1167.66049732229 328.920816714098 404.771956102114
"594" 1734.88846122556 219.456504407103 201.983171854697 183.560828927865
"595" 1923.40011258864 234.891321864249 138.880682189392 147.83657647214
"596" 1937.98197360799 259.865459196873 532.654362133194 420.875389186982
"597" 1895.61786894862 262.963992607812 458.125259225182 447.531642980796
"598" 1651.76387779527 297.449947789759 206.04048766032 196.354032426681
"599" 1800.80462186788 316.652266914545 332.735540505611 294.614443637565
"600" 1901.912114506 185.33469571205 69.5563491831568 97.3496092318045
"601" 1682.13490025193 504.244543201824 80.369972120644 129.552722199207
"602" 1507.37443030802 512.158032656911 46.2832057618625 88.437490134414
"603" 1145.358139244 524.103132274433 57.3332430639416 49.5919293963351
"604" 1119.02433810991 755.293714345169 35.2375732908233 52.2325672118031
"605" 1530.42127793434 547.908188264025 26.9120152135181 13.8948060072711
"606" 1333.23986514506 551.832948151333 146.004509011214 73.7936298632855
"607" 1503.71084356446 730.590418441822 58.1924034596771 59.660637991125
"608" 1692.53612129767 483.922606351185 41.2396322579481 54.1450505564149
"609" 1625.99042372484 88.3072835334244 40.4932156017771 36.607730351869
"610" 1810.5576965745 205.079186804595 101.614167035156 50.9682822486608
"611" 895.437836958608 40.4640073015125 304.336161727374 282.161934808112
"612" 1479.9803262604 42.2142479128166 128.240779445064 128.712927622354
"613" 1850.53215366262 43.3457905889362 39.1979720421032 44.5660593367257
"614" 1605.26347748738 44.5609521255526 15.6442639777095 29.1843694411354
"615" 1650.42587766224 53.5328359983176 16.686813159504 15.00648464816
"616" 816.931413747868 32.1413199555763 180.037327725549 171.943202453593
"617" 901.992111637988 46.401912636357 221.748200379352 197.527335516044
"618" 1331.59917937422 12.4662151715746 152.369770984681 156.559877768803
"619" 787.914459381357 644.723778131333 236.233525479679 172.379830527893
"620" 1119.93572024481 1000.9148121875 168.448421632152 371.208447128922
"621" 1458.92979282332 1045.63313435737 243.997853064896 324.844739534917
"622" 1770.99301678454 1101.63335324677 181.062721016635 255.627325337766
"623" 1848.55269504486 1137.63648454935 100.906886072963 98.7645987844235
"624" 1897.58233539968 1078.77440210039 75.2263861084221 96.8637818821249
"625" 1868.80501959877 1139.95735883135 102.816801925705 63.9562176129398
"626" 1545.23851636285 311.323915025761 139.702748851823 185.310652669966
"627" 856.058327495527 733.508351221262 347.339731196776 319.162907775058
"628" 1276.75442316253 837.904673403188 302.972065140782 282.548338675459
"629" 1562.14771975252 615.86892372598 278.038714199156 318.214611303783
"630" 1926.84016511952 508.158981257737 283.361138783671 275.878010294588
"631" 2133.59980956945 455.430253518515 327.144637659683 375.457741538883
"632" 1788.10810579208 206.070696966627 44.2382144992659 47.7058295933161
"633" 824.966512170095 11344.2557907626 1745.23368371954 1818.07641766881
"634" 319.496968193518 23907.568625405 3356.06141623411 2883.94056445286
"635" 79.5764052408279 37324.767239701 4888.15440502997 4157.89354096145
"636" 11.5558585802151 50259.96316461 6375.88893066847 5188.80223127427
"637" 1.5154476943592 65341.8784236487 7687.08746094019 5984.66477644743
"638" 0.173989080070277 80137.2035275787 8889.40929228602 6661.98004383151
"639" 478.491850679783 76956.5397921964 8618.34692278166 5660.18749945888
"640" 512.621687532934 65438.4680192859 6896.0366447458 4605.96717220776
"641" 1027.79576251732 34473.4222992592 5417.04476963736 3712.71615484274
"642" 1286.11635104513 40824.9017934183 5057.88341767423 3750.95096906499
"643" 982.014596818077 39285.1515582909 3991.75409435948 2811.62713724251
"644" 1075.86363419851 40736.55091515 4551.75860029752 2962.84666977699
"645" 520.224484841206 41978.4247567662 11921.4573935314 13950.6219809525
"646" 622.037522066275 19982.1469606202 3171.366627842 1222.64689626636
"647" 900.26416818548 5355.60473183562 2071.12702330302 1751.65054324398
"648" 1431.45393034655 5334.06517501864 2791.7153285773 1793.2923480114
"649" 1711.1858093213 5376.08200215561 1426.60796432591 1829.83633183467
"650" 1512.82011147039 4029.23775168684 961.293799152932 613.297825422447
"651" 1381.93613510697 3576.34199648074 909.493599740775 136.528573161265
"652" 973.952819483769 3249.18882456918 1540.27512687697 1110.69455893903
"653" 619.083377727118 3852.58021928827 1653.17938813635 1529.15160691026
"654" 1739.37191008268 3044.51739390784 3236.2653941671 3203.98794284168
"655" 2479.37899753052 9385.88401012994 2718.89611475689 2891.11019010592
"656" 1960.24785456505 4922.78630477738 2012.20486671807 2089.84929615706
"657" 1243.16212771568 4944.62075206327 677.651609123752 654.113277895858
"658" 772.205390777604 5076.78391673993 625.353162201211 623.613683292588
"659" 2632.14964043684 5476.69794677473 1639.66232840084 1855.5181706461
"660" 1904.79601914237 3188.05776802597 1355.3012839993 1555.79466968478
"661" 2514.57488973568 750.626344966272 1799.3373692636 1979.25609168701
"662" 1662.31222325899 51.3813328789125 946.948267182054 877.360763395372
"663" 1722.77345912411 44.0784623866348 537.32744210962 719.716977554681
"664" 1740.650572227 103.325466385381 288.942517630783 251.392280960484
"665" 985.932212758712 102.943056005795 96.9932400446854 87.645925483897
"666" 1139.08555650183 141.511836071967 192.99564511122 256.092040465962
"667" 1024.17364164976 146.506833022536 163.901549554915 268.85970957748
"668" 1104.89696697789 149.645121386156 612.515011646213 769.640499611339
"669" 932.608399181652 1431.73400961108 794.949007530775 871.171184862153
"670" 1743.34876293475 302.142799031279 944.812791649406 1289.73699143809
"671" 1945.34871368824 561.517463563473 1046.38000601185 1384.00715734037
"672" 1229.5409496574 272.835370827803 582.816024082262 662.175898755961
"673" 1587.49120818806 132.430508040916 668.337938418596 1085.34433911434
"674" 1396.25731269593 169.727536458293 861.202424807898 920.848071491374
"675" 1389.73190424753 80.1059486375433 929.476666993525 951.130297328752
"676" 1769.37408434085 113.313417402851 1077.47037971488 1189.17067934587
"677" 1188.35341592605 1995.17531937296 364.330810839482 996.279012415077
"678" 1431.38548217757 348.164938984604 623.317392607325 714.589786500595
"679" 735.96084854809 407.356495683855 353.584637902906 383.49735112707
"680" 2029.63553569308 379.334706887589 1065.9544813345 1239.92304736504
"681" 2315.75745812693 395.187540341231 983.228357858253 1238.67640842373
"682" 330.472962802637 335.111346781504 216.368274982496 312.495672415468
"683" 702.400709701968 96.632953507548 151.234038519428 232.03001571967
"684" 1354.25750418975 93.3554770092177 741.23197223216 856.475428718628
"685" 1668.91988913466 114.92007430978 657.039831740861 815.871320499907
"686" 906.475662526883 114.953519776853 441.078039628335 519.575074007643
"687" 1290.40346102847 170.476015174502 437.464616604461 420.808469780914
"688" 1473.10229366984 483.077317113759 509.92983711224 656.579477334666
"689" 727.514979874788 250.506777281071 405.217274881809 516.158505167022
"690" 1150.77406959911 242.770744306535 336.77596842743 404.251434697157
"691" 1032.68329604405 353.017212835203 212.902576990347 342.02484550588
"692" 984.448234216392 191.86765744674 144.71029591538 197.849053681222
"693" 572.705947507533 196.775347032207 195.423078991183 244.071969887342
"694" 1458.87230473786 262.100511086381 564.683175790071 771.671074187739
"695" 998.378111234185 45.9695036609496 327.381531485231 370.037404328251
"696" 1708.10843730155 32.7681814073128 1149.69231388936 1230.54808979675
"697" 1204.90185712725 244.19846724961 621.551203405845 732.126541053005
"698" 1301.35223787424 2196.41001376599 841.115556667374 1167.70930103355
"699" 1716.22507852622 827.507379772264 975.684228389597 1339.04834584297
"700" 1346.46451194398 889.403208117773 621.371155583073 769.847742917113
"701" 1071.12395586087 758.353350505764 591.650082128513 757.714752659692
"702" 725.267536958708 830.465281823722 379.097288760759 446.637010791978
"703" 789.855091701179 669.947023122026 277.01464359895 330.120040228341
"704" 1051.03389402084 595.877167189455 642.503373281612 648.330633479868
"705" 1560.74426486552 38.8230947989596 650.181001790595 910.506549923431
"706" 1654.81481281097 132.880959412884 420.33743269389 571.247648373608
"707" 870.668148271215 188.50659851641 322.966486230346 468.030774435523
"708" 1730.37335771132 177.319589578873 859.510765783261 1077.09517187495
"709" 2617.84855251894 171.831024539297 1590.96045658329 1991.85943786084
"710" 7082.89700207861 174.580014982799 4325.15646305097 4811.5028467647
"711" 4039.30162177846 176.646013326015 2645.13825533255 3189.15473393808
"712" 3868.56116708927 167.690544690585 2161.94500075468 2928.48612467594
"713" 3186.93673883868 232.861779457609 1809.85656653047 2198.290911144
"714" 1602.25613385417 499.927340195964 701.187314368276 743.485126088156
"715" 1146.45853042781 74.8480235740918 441.671096383064 603.044498626737
"716" 1006.32309164329 77.824302776429 552.675220616623 749.695598513728
"717" 199.823992665998 82.868536621288 946.359020101324 1238.18802983266
"718" 1574.40633805585 110.614122709824 1726.88322885603 1951.23820303961
"719" 910.421570102412 104.284616129505 850.622514703958 894.128951102079
"720" 594.784884122426 2175.60645849263 1503.61910385648 1718.67937628827
"721" 4779.98816209294 8378.18916887773 6338.93916556991 6259.51843470653
"722" 5785.75440397124 13404.1965381545 6622.91030647745 6894.00272130469
"723" 16836.3250323814 27304.6559367288 17895.739975483 18194.2198706439
"724" 21046.6403466221 26719.2530072055 23635.5823558291 22629.8531278168
"725" 34151.2835614739 44321.992815269 39818.5141651364 39811.8173552289
"726" 25084.3729349503 47316.5605587085 28494.4528726425 28683.275134908
"727" 13008.6091415421 34581.6449078085 12973.0537385917 14201.9078703404
"728" 32285.2925904472 65390.2265428539 31490.0295251219 37954.2745412739
"729" 30020.3915879396 89032.1263890086 31494.6902350347 41003.8903301929
"730" 28266.4447297485 69443.885463314 23709.3032484562 31735.2751822476
"731" 26086.1947960487 104112.207213297 21590.8834831552 29408.5607497845
"732" 13132.8741520289 96972.4083786868 10130.9197514636 11794.1184569889
"733" 7692.75525827531 107711.643216967 5065.89735822062 10618.4803233214
"734" 3470.47672400964 124881.918956209 6367.98891388898 7251.32321326085
"735" 7630.47777405402 94803.641070083 6752.88035890864 14058.0588986542
"736" 12291.5146352293 91463.9858839527 5715.27561629069 4543.06246321315
"737" 12396.3026039638 95990.3343182565 11510.7330549269 7544.04443218019
"738" 10404.9788013809 98218.3035643084 10246.8776047106 3517.03447048941
"739" 16234.2085401074 158112.764002665 39260.6530744313 35226.5254244304
"740" 15651.3073616721 193695.948608511 31686.5745012287 38598.1233728181
"741" 13966.0324524479 237067.353327602 34435.1988763424 41574.8548936478
"742" 11869.9726312074 145916.164301318 28470.9553862009 23173.7302301094
"743" 4856.80387632218 145197.634590346 13813.3120866939 5642.3239438766
"744" 2343.44041718769 141253.912686354 11560.7632439529 8105.06739870015
"745" 1718.93805347545 140959.49166659 13573.7400724744 8290.56084433743
"746" 2186.55633471017 231052.42440064 8388.40148057983 8464.74471838567
"747" 8807.45878294015 195960.962641053 7529.62453023223 6412.41139558422
"748" 8113.90098428363 159102.501639795 4631.06655222579 2524.14363884787
"749" 5073.95192615831 107161.430718701 6501.50635770031 4310.53922190812
"750" 2397.37534568268 97704.1273039159 5691.02356641235 3667.60465473733
"751" 1056.65685106709 67035.2135787588 3503.52229408429 3301.15032596013
"752" 768.721475870766 71642.7297982486 2639.14318857915 2106.61640435626
"753" 1451.9542607758 67736.3311158241 2935.03930663191 2376.96993995354
"754" 4606.50422241846 56508.3843323824 2197.54460759263 1548.60146445188
"755" 3241.69792123067 64735.8573528094 2062.33151067012 2409.46607325552
"756" 12544.5171389557 140771.895622286 64963.2785969628 29453.2781474445
"757" 32432.5918595791 231975.873148471 100687.66554788 60863.1868469504
"758" 42987.1347559667 279238.743059134 128914.543556002 71201.3802408586
"759" 38039.2668545028 331766.103253408 109188.366754434 74153.8978080992
"760" 33001.101153555 341772.688591824 87763.4205078728 85022.4136600185
"761" 44138.3390356485 325294.932722158 81064.8981768911 64573.2458746342
"762" 28536.8273215784 382593.841743887 66309.7628371887 56294.3809567511
"763" 29123.2446277779 99902.1167390202 28102.5123793008 39714.8487885654
"764" 23512.8463695224 37944.8463470229 17296.74048466 25956.5063795663
"765" 20512.6235931114 25148.9977314141 13405.1235190538 21527.8509216321
"766" 28582.7979915103 23004.5982040107 17188.1858276858 21502.1031099494
"767" 26433.1234800447 60594.6116916604 18584.1394727891 29114.3039277343
"768" 22710.9196374003 45897.4907220481 13252.5246313392 18010.0477803968
"769" 25196.5066062545 69863.4266099982 27078.6940696408 24003.7495070722
"770" 41110.5093476964 78104.5319106497 27425.1174590586 17987.3800012642
"771" 41202.0568434621 88577.8140795346 23816.5675082268 12443.150004036
"772" 31861.7417437429 54764.2884235925 20145.5536770605 13648.9914515651
"773" 56139.4828528999 54135.5055065258 30347.7823471064 23971.1304144055
"774" 42086.75467137 38213.8074807729 27846.4765667521 16683.3885766328
"775" 40786.0070524385 37960.1984690438 24482.9443733666 16460.062024095
"776" 52580.473570567 51612.9898450519 40187.4879353261 31462.103529307
"777" 50947.3025260836 23293.4565911977 36734.0942928555 26730.4028829718
"778" 46341.120501784 26108.0451062821 39577.7043687971 9565.67114802168
"779" 33531.2946436098 41529.6095062313 40288.3188301003 12276.6699567925
"780" 25458.103594722 65426.5465232928 61412.3819195697 41524.4611308258
"781" 10627.8079219264 91084.333651032 48949.5039244184 31886.8259327269
"782" 18909.5629963787 72530.8242536852 44921.2125312097 29734.7972486188
"783" 22108.1768386439 82683.6976392696 33644.6894994919 18848.6853935325
"784" 19592.3523660257 74192.848550668 22641.3883368327 24405.510469994
"785" 62109.7017802164 56669.9799438972 18037.6691054082 36822.5189865487
"786" 80661.3679166651 56537.1055356342 31673.4461512485 33978.7595912513
"787" 104710.068962276 104877.583939305 63019.0456431448 56158.2785207396
"788" 95791.9320182031 85576.5625072042 69087.4746649872 64212.6373454103
"789" 107464.314894684 69869.1097775708 65862.87153822 70333.9588738134
"790" 95823.5810382951 71092.8595947933 71073.8781200457 61198.6537947614
"791" 79340.3018611221 88248.5621789169 72112.4881575292 49113.0894861021
"792" 82696.1657862418 10865.9438864747 45728.3113724282 33582.5251361231
"793" 158821.13703852 3269.27564520728 80903.1936035173 78645.0008019026
"794" 173901.023718517 6498.27406465459 88211.7589896868 70598.7814798805
"795" 162736.507977029 5082.43915430512 80198.1309510424 60565.2467533384
"796" 148763.89408683 15675.5516257363 101671.111791461 71736.5666199287
"797" 125206.50252979 21518.8849876755 77732.1180590107 67714.9504318059
"798" 64337.7260656398 22733.162989049 18329.9559024152 32616.748510147
"799" 56883.7649453338 26141.9262572053 31452.028339104 15781.3164834868
"800" 72565.9822046884 39757.3127981228 21478.9340901869 11660.483528848
"801" 72613.2077569677 46385.1355631663 29051.7090663631 9638.29119247932
"802" 53650.0250559725 47161.3065999314 15292.9962140009 13452.4956503146
"803" 63136.8064570367 19820.8719324219 12062.322360162 16048.4546407599
"804" 42012.911210811 44882.139174293 60828.68084881 47028.6308482654
"805" 17443.2023505322 86758.3559698051 60188.066560262 40784.9018498996
"806" 6553.6429181765 119653.254579768 85592.7851027488 106263.484704491
"807" 5228.36530385172 167932.750274583 109267.577207367 94778.0676877447
"808" 3891.3497536777 232676.983745789 99380.7332299776 94309.8236705225
"809" 6185.66458182273 299325.236674558 101431.916957239 83102.9833364088
"810" 19414.0295038113 333162.491259033 67353.5940761525 42153.1849491375
"811" 23764.027352263 189276.375008477 40408.654729284 27858.181801545
"812" 19061.7796225676 190263.715569521 37432.9582686519 19637.6024374351
"813" 11832.0133906647 97897.0879107699 27800.5559695026 10991.9129917082
"814" 8351.43360621529 96474.651369138 23846.2290120112 5683.76320677933
"815" 5503.45330672481 121826.907813665 18874.1296092174 5239.87524581229
"816" 7494.34167115094 109575.132991129 13914.6115851138 4579.43646630788
"817" 16414.3154853238 23404.6170941086 11250.0217147949 7253.13635226304
"818" 22188.9758849627 28620.9186934328 18941.8730153816 7837.46799099483
"819" 11710.8167726246 28438.3881608551 13637.9219640821 3481.5287707096
"820" 54462.7769892666 60616.9449256548 54806.7591986956 51157.2623073372
"821" 99715.1927452485 91549.6216604876 108407.19898999 102942.168554935
"822" 103506.443950041 174204.733421579 122271.308885377 130069.869606454
"823" 101100.074638875 197438.490983104 128650.999910026 118528.497076141
"824" 84466.8391480517 139799.241409137 76342.6181303215 68618.1627970291
"825" 52440.075037552 121281.845545695 33604.5692311761 30151.8538934308
"826" 23664.031432044 164924.870640303 23168.4164965886 18461.8077140049
"827" 6982.98920316425 138452.612330396 22490.4335464772 22934.5092338291
"828" 2745.15372003727 270803.05202607 31377.7313377514 26365.314404695
"829" 1316.12929351364 443157.978341036 22796.3061204068 30065.3379884945
"830" 9060.49486933555 431248.236557963 19911.3654734387 19168.6887131163
"831" 14422.6602738176 418409.908661387 23657.1381713755 15060.0740239524
"832" 22756.2344957599 416886.565212328 19748.8092652525 8202.2656981955
"833" 21878.0587286811 178770.152007334 14038.6345358769 3209.02764969831
"834" 14406.0158067314 147052.036116543 21306.1141679929 2894.65466806636
"835" 9274.91367477166 208495.183265386 21959.9820312863 8536.58766280116
"836" 7051.11354298959 249688.462486088 11656.6297515169 1318.04885629405
"837" 8161.8607078425 112969.759984255 20510.1468676596 2276.01044904595
"838" 20552.3275151489 172203.525204208 42444.6931274294 15237.0829270204
"839" 24375.4114620889 92069.0270651925 31434.3395631656 8286.45768312329
"840" 20812.9137989909 94009.2640521667 75612.3231316784 19996.5711168246
"841" 11251.9250036397 147580.161951729 81447.5520673598 33557.6293907343
"842" 6620.15349486344 207473.94609516 119421.984612144 64628.2956520388
"843" 5583.93694526629 286713.842091094 138028.651017367 70452.5880538043
"844" 10906.7048003117 329765.687130621 132275.147805276 58812.6616134605
"845" 15248.2047563355 230139.124344292 48470.0694600057 23241.7999514734
"846" 17972.9487159081 235995.183296272 35791.6602621454 8115.14204494327
"847" 30685.6197051783 140214.118023171 10818.4177581181 16585.8506464876
"848" 38179.131934553 141045.347805334 21563.3088472101 23775.9730708406
"849" 64291.604477292 182608.740647468 45511.1221337429 39335.0086070026
"850" 70793.0345442232 267871.280299013 49654.8879018992 40906.0509216822
"851" 46069.4231271559 199815.779946041 27287.0044275677 37281.5716830353
"852" 47688.6660993904 109957.712643903 24565.9451825676 35356.4774605123
"853" 53328.6072346323 68505.3492487643 37075.9525347237 33067.9565425586
"854" 38369.5379680139 40387.9704177841 21080.7116133815 13720.3294516234
"855" 29559.4995752989 33771.9318253622 2864.62164863636 15508.4135000194
"856" 32916.5824553748 28513.6663471889 11249.3520333489 6672.37401583699
"857" 22161.6898097423 62923.4162742994 6139.53531823335 14645.0938186218
"858" 23427.7287448558 63937.0292612616 4417.96152868285 3354.03344365051
"859" 33966.8583564157 63968.0126314584 1780.38715838559 9836.25973398133
"860" 41525.570413136 66604.1980287191 6580.08243737748 11439.5031530822
"861" 32997.6285833053 98859.2219258323 13736.0528945517 10718.1953477115
"862" 24716.4130872488 103135.235646429 2357.12628947874 4531.7265932091
"863" 55757.7568948048 75236.1367609208 18057.8146800035 17921.7310392635
"864" 45043.5927667613 54131.8752995989 13772.5015358461 14529.2170895415
"865" 36996.9217161161 35864.1982555201 16863.3737297052 13383.2215003631
"866" 35259.4535054239 40910.7369148723 17120.9459376396 14501.0870075273
"867" 34289.5833684755 53295.1704516998 12940.9600299846 12672.2466488252
"868" 36467.5059037055 18553.1837779614 8514.5658621482 12110.5432846336
"869" 32897.9578062895 22432.6769610195 10569.1884740438 12339.5398913867
"870" 31896.5199333823 26984.74618248 18784.4360318926 24961.7396663958
"871" 35795.951729018 27797.4414889985 20386.9098230343 19427.0830703181
"872" 32858.7519918833 23947.5886770463 9326.82054552721 11510.6524956991
"873" 36359.4545651619 21708.5589784743 6921.65934500014 16578.0344951842
"874" 31488.2942742888 26908.0653390755 9261.1697708003 18835.2209632262
"875" 43062.076601563 17190.3545428024 15075.7827854807 23020.9050401152
"876" 36242.3021821408 20775.1380187682 24710.9055702515 17069.7929082143
"877" 44897.4110954725 33965.8792845523 18111.2727374115 10273.5506446569
"878" 52482.5456977957 15127.3338363842 12487.547021058 9483.21186799778
"879" 51346.2061248447 19279.6085782116 7645.29027456605 13699.7548869371
"880" 48457.0303457169 29625.4281056417 10402.8688900875 15420.6474841111
"881" 55227.7636155931 46509.1785192308 27752.6089889061 28317.1214626428
"882" 35680.1435003855 44117.5484489396 16399.1101266961 19034.1356938056
"883" 35017.8317451101 46621.9800636797 8129.3254038115 8188.2975123864
"884" 35976.2039474327 40298.0886682601 17446.2937906375 45017.8997227817
"885" 22192.4031968754 65405.0052756124 31695.4280403771 72516.3060478862
"886" 29460.9341652137 52887.1873756598 27831.0521900442 31159.6221852787
"887" 37288.5808418644 39857.2477976715 23210.3398039316 55333.9131012447
"888" 35710.802450575 44478.4228879392 34622.0086244505 35833.9681615119
"889" 19235.1336527888 77076.521857329 36404.444060797 66992.1448386473
"890" 9026.38963757954 107778.285922874 34384.1829976413 46889.6834234584
"891" 3272.27477966044 157540.108282324 35784.5362924382 123380.772025039
"892" 1273.18180700165 221730.222101418 29431.0796467435 100673.064763666
"893" 3263.03442572999 256242.222673141 52082.6507769874 27993.364394708
"894" 15283.2105573736 270080.673290319 39734.1609336828 17307.1390957897
"895" 23482.3147899468 324377.712443511 23585.4168989067 19486.6507305607
"896" 13257.0560181824 144568.396739731 12188.7876331597 11140.9317411553
"897" 6257.08962311352 89024.1269133921 7826.66088042883 8832.09235846519
"898" 2286.90903115796 100704.499113129 34661.8419340245 26027.1029183244
"899" 567.344490530899 114168.763615787 28583.2574174862 31786.8186204484
"900" 313.277145789345 96492.9797186738 8400.89387672552 2661.93322245613
"901" 12275.2453483719 84896.1062154504 6854.71041327911 8321.3747968491
"902" 14185.5612559215 70584.8641570477 12166.4048807586 2811.31408505839
